5 0.746245
6 0.204397
7 0.0143303
8 0.0124429
9 0.012611
10 0.0154092
11 0.0145179
12 0.018091
13 0.0175525
14 0.0176587
15 0.0178175
16 0.0178246
17 0.0179214
18 0.0176495
19 0.0176717
20 0.0181178
21 0.0173221
22 0.0171321
23 0.0174547
24 0.0173883
25 0.0173032
26 0.0173705
27 0.0169935
28 0.0174059
29 0.0171509
30 0.0155845
31 0.0153675
32 0.015422
33 0.0155085
34 0.0153016
35 0.0154254
36 0.0155042
37 0.0152934
38 0.015374
39 0.0154343
40 0.0136092
41 0.0133136
42 0.0134093
43 0.0136077
44 0.0135843
45 0.0136009
46 0.013402
47 0.0112858
48 0.0113926
49 0.0121637
50 0.0093005
51 0.00927629
52 0.00933272
53 0.00916383
54 0.0093005
