5 0.743159
6 0.737746
7 0.277571
8 0.00891046
9 0.00762575
10 0.011794
11 0.0114844
12 0.0778328
13 0.0385601
14 0.0173615
15 0.0170035
16 0.0159046
17 0.0172299
18 0.0163964
19 0.0160549
20 0.0910233
21 0.22342
22 0.298434
23 0.457734
24 0.605988
25 0.294009
26 0.395146
27 0.496886
28 0.412594
29 0.385988
30 0.550109
31 0.40876
32 0.355489
33 0.353898
34 0.328644
35 0.240541
36 0.202341
37 0.139072
38 0.0975418
39 0.0557558
40 0.0143842
41 0.0131291
42 0.0131424
43 0.0132824
44 0.0134436
45 0.0114006
46 0.0112699
47 0.00934328
48 0.00925913
49 0.00755307
50 0.00555017
51 0.00556092
52 0.00555689
53 0.00550433
54 0.0056101
