5 0.745479
6 0.200742
7 0.00938862
8 0.00892847
9 0.00875796
10 0.0132498
11 0.0127696
12 0.226281
13 0.119939
14 0.0299972
15 0.0160091
16 0.01568
17 0.0159625
18 0.0157302
19 0.0158892
20 0.0156998
21 0.0144646
22 0.0147456
23 0.0145628
24 0.0147655
25 0.0146622
26 0.0147829
27 0.0148254
28 0.0147388
29 0.0147164
30 0.0138075
31 0.011666
32 0.0117982
33 0.0117044
34 0.0119352
35 0.0117755
36 0.0118114
37 0.0119675
38 0.0117746
39 0.0118373
40 0.0102275
41 0.0102957
42 0.0104312
43 0.0102649
44 0.0102743
45 0.00926137
46 0.00931784
47 0.0101685
48 0.0101722
49 0.00879299
50 0.00653193
51 0.00651836
52 0.00656188
53 0.00648939
54 0.00647912
