11 0.0129416
12 0.0138615
13 0.0108655
14 0.0150797
15 0
16 0
17 0.005578
18 0.0175511
19 0.0185017
20 0.0166955
21 0.00277525
22 0
23 0.00549412
24 0.00210413
25 0
26 0
27 0
28 0.0068016
29 0.00922043
30 0
31 0.00533527
32 0.00455912
33 0.00754211
34 0.0141125
35 0.0184417
36 0.0143459
37 0.0101063
38 0.0139527
39 0.0149183
40 0.0170359
41 0.0166066
42 0.0154995
43 0.0156702
44 0.0158327
45 0.0168399
46 0.0124667
47 0.013777
48 0.0129924
49 0.0122428
50 0.00734643
51 0.00476197
52 0.00452285
53 0.00432079
54 0.00462653
55 0.00456344


13 0
14 0.00167991
15 0.00686926
16 0.0151138
17 0.0133581
18 0.0132059
19 0.0135219
20 0.0132125
21 0.0135957
22 0.0131219
23 0.0128345
24 0.0137662
25 0.0132983
26 0.0146918
27 0.0146412
28 0.0132778
29 0.0129542
30 0.0131147

21 0
22 0
23 0
24 0
25 0
26 0
27 0
28 0
29 0
30 0
31 0
32 0
33 0
34 0
35 0
36 0
37 0.00157522
38 0.0147643
39 0.0171014
40 0.0160689
41 0.0166598
42 0.0166817
43 0.0160704
44 0.0183642
45 0.0158259
46 0.0129023
47 0.0142984
48 0.0114884
49 0.0122043
50 0.00813751
51 0.00658203
52 0.00682642
53 0.0071267
54 0.00677805
55 0.00677701


31 0.00740914
32 0.0100896
33 0.0133365
34 0.0113889
35 0.0107024
36 0.01324
37 0.0145964
38 0.0145817
39 0.0151815
40 0.0148813
41 0.01267
42 0.0119739
43 0.0114267
44 0.0122029
45 0.0127137


13 0.00348146
14 0.00765587
15 0.00841925
16 0.0070476
17 0.00673918
18 0.00813638
19 0.0065204
20 0.00680264
21 0.00927422
22 0.00805409
23 0.00814638
24 0.00736089
25 0.00923809
26 0.00767163
27 0.00715387
28 0.00778414
29 0.00778424
30 0.00907213
