5 0.00741022
6 0.00815604
7 0.00771776
8 0.00766886
9 0.00764032
10 0.0119667
11 0.0112493
12 0.260564
13 0.155221
14 0.268655
15 0.23459
16 0.165667
17 0.117716
18 0.0853973
19 0.0652764
20 0.209847
21 0.335827
22 0.376319
23 0.356205
24 0.383374
25 0.461686
26 0.618165
27 0.528141
28 0.479003
29 0.514396
30 0.499488
31 0.427136
32 0.391105
33 0.317279
34 0.279312
35 0.238658
36 0.181793
37 0.113534
38 0.0698466
39 0.0275548
40 0.0134241
41 0.0131965
42 0.0132313
43 0.0132792
44 0.0133177
45 0.0113799
46 0.0113229
47 0.00941108
48 0.00940237
49 0.00772867
50 0.00570581
51 0.00564342
52 0.00575797
53 0.00572726
54 0.00570349
