11 0.0119569
12 0.0111987
13 0.0148874
14 0.0126011
15 0
16 0
17 0
18 0
19 0.00147767
20 0.00421788
21 0.0166722
22 0.0150829
23 0
24 0
25 0
26 0
27 0
28 0
29 0
30 0
31 0
32 0
33 0
34 0
35 0
36 0
37 0
38 0
39 0
40 0
41 0.00177667
42 0.0143782
43 0.0152644
44 0.0150395
45 0.014328
46 0.0127936
47 0.0127771
48 0.0112983
49 0.0106196
50 0.00811002
51 0.00637947
52 0.00613014
53 0.00599138
54 0.00594491
55 0.00575716

13 0
14 0
15 0
16 0
17 0
18 0.00622071
19 0.0099242
20 0.0123565
21 0.012972
22 0.012615
23 0.00112235
24 0.0106497
25 0.0093916
26 0.00495817
27 0.00902528
28 0.00244137
29 0
30 0.00062213

21 0
22 0
23 0
24 0
25 0
26 0
27 0
28 0
29 0
30 0
31 0
32 0.00826238
33 0.00861351
34 0.00893023
35 0.00979289
36 0.0102136
37 0.0110272
38 0.0118677
39 0.00589302
40 0.0109134
41 0.0128241
42 0.012418
43 0.0113148
44 0.0143382
45 0.0128241
46 0.0106849
47 0.0110383
48 0.00882424
49 0.0109747
50 0.00703744
51 0.00541111
52 0.00565293
53 0.00578975
54 0.00573328
55 0.00602257

31 0.0103858
32 0.0131631
33 0.0110904
34 0.0124076
35 0.0103037
36 0.011844
37 0.0144749
38 0.0119247
39 0.00939155
40 0.00870056
41 0.0132702
42 0.0115842
43 0.0124902
44 0.0121326
45 0.0138713

13 0.00974946
14 0.0124676
15 0.0109432
16 0.0111866
17 0.0104834
18 0.0123543
19 0.0114262
20 0.00989528
21 0.0137352
22 0.0118287
23 0.00159542
24 0.00412347
25 0.00899294
26 0.00536738
27 0.00575321
28 0.00133835
29 0
30 0
