1 0
2 0
3 0
4 0
5 0
6 0
7 0
8 0
9 0
10 2
11 70
12 70
13 70
14 70
15 70
16 70
17 70
18 70
19 70
20 70
21 70
22 70
23 70
24 70
25 70
26 70
27 70
28 70
29 70
30 70
31 70
32 70
33 70
34 70
35 70
36 70
37 70
38 70
39 70
40 70
41 70
42 70
43 70
44 70
45 70
46 70
47 70
48 70
49 70
50 70
51 70
52 70
53 70
54 70

1 0
2 0
3 0
4 0
5 0
6 0
7 0
8 0
9 0
10 0
11 0
12 2
13 70
14 70
15 70
16 70
17 70
18 70
19 70
20 70
21 70
22 70
23 70
24 70
25 70
26 70
27 70
28 70
29 70
30 70
31 0
32 0
33 0
34 0
35 0
36 0
37 0
38 0
39 0
40 0
41 0
42 0
43 0
44 0
45 0
46 0
47 0
48 0
49 0
50 0
51 0
52 0
53 0
54 0

1 0
2 0
3 0
4 0
5 0
6 0
7 0
8 0
9 0
10 0
11 0
12 0
13 0
14 0
15 0
16 0
17 0
18 0
19 0
20 2
21 70
22 70
23 70
24 70
25 70
26 70
27 70
28 70
29 70
30 70
31 70
32 70
33 70
34 70
35 70
36 70
37 70
38 70
39 70
40 70
41 70
42 70
43 70
44 70
45 70
46 70
47 70
48 70
49 70
50 70
51 70
52 70
53 70
54 70

1 0
2 0
3 0
4 0
5 0
6 0
7 0
8 0
9 0
10 0
11 0
12 0
13 0
14 0
15 0
16 0
17 0
18 0
19 0
20 0
21 0
22 0
23 0
24 0
25 0
26 0
27 0
28 0
29 0
30 2
31 70
32 70
33 70
34 70
35 70
36 70
37 70
38 70
39 70
40 70
41 70
42 70
43 70
44 70
45 68
46 0
47 0
48 0
49 0
50 0
51 0
52 0
53 0
54 0


1 0
2 0
3 0
4 0
5 0
6 0
7 0
8 0
9 0
10 0
11 0
12 2
13 70
14 70
15 70
16 70
17 70
18 70
19 70
20 70
21 70
22 70
23 70
24 70
25 70
26 70
27 70
28 70
29 70
30 70
31 0
32 0
33 0
34 0
35 0
36 0
37 0
38 0
39 0
40 0
41 0
42 0
43 0
44 0
45 0
46 0
47 0
48 0
49 0
50 0
51 0
52 0
53 0
54 0
