5 0.0126205
6 0.00888427
7 0.00879749
8 0.00870733
9 0.00876654
10 0.0129367
11 0.0131577
12 0.0203689
13 0.0182645
14 0.0185551
15 0.0181638
16 0.018495
17 0.0182394
18 0.0182426
19 0.0181108
20 0.0157106
21 0.0144154
22 0.014671
23 0.0147916
24 0.0144948
25 0.0147607
26 0.0144731
27 0.0149778
28 0.0146953
29 0.014501
30 0.0134139
31 0.0117505
32 0.011988
33 0.0117737
34 0.0118455
35 0.0119714
36 0.0118563
37 0.0120007
38 0.0118899
39 0.0120647
40 0.0104351
41 0.0104301
42 0.0103267
43 0.0104105
44 0.0103421
45 0.00930027
46 0.00954261
47 0.010106
48 0.0102606
49 0.00890738
50 0.00665907
51 0.0066505
52 0.00659567
53 0.00676124
54 0.00666878
