11 0.0190935
12 0.0190647
13 0.021206
14 0.0257357
15 0.0211005
16 0.0194411
17 0.0259499
18 0.0221674
19 0.016696
20 0.0214183
21 0.0251027
22 0.0220957
23 0.0161721
24 0.0230446
25 0.0190843
26 0.0207224
27 0.0154226
28 0.0191003
29 0.0271116
30 0.0262202
31 0.0142953
32 0.0110468
33 0.00945691
34 0.0136478
35 0.0135866
36 0.0180516
37 0.0158753
38 0.0151899
39 0.012618
40 0.014305
41 0.0113004
42 0.0117265
43 0.0131924
44 0.0157938
45 0.0141144
46 0.0125764
47 0.0150697
48 0.0141444
49 0.013858
50 0.00900473
51 0.00649435
52 0.00649479
53 0.00653479
54 0.00649588
55 0.00654907


13 0.0272579
14 0.0232089
15 0.0257844
16 0.0240095
17 0.0251764
18 0.0249727
19 0.0250142
20 0.0245479
21 0.0145341
22 0.0160808
23 0.0182458
24 0.0174103
25 0.0146499
26 0.0156625
27 0.0161434
28 0.0166927
29 0.015361
30 0.0166818


21 0.0106647
22 0.00674764
23 0.00690665
24 0.00676621
25 0.00680665
26 0.00682479
27 0.00687479
28 0.00683896
29 0.00682621
30 0.00684512
31 0.0095377
32 0.00893396
33 0.00904166
34 0.00915595
35 0.00898675
36 0.00885737
37 0.00892627
38 0.00900782
39 0.00925738
40 0.0091632
41 0.00911023
42 0.00908935
43 0.00896737
44 0.00905599
45 0.00890309
46 0.00675764
47 0.00687435
48 0.0068405
49 0.00706204
50 0.00676336
51 0.00682479
52 0.00679435
53 0.00668479
54 0.00702819
55 0.00678479


31 0.0130717
32 0.00930973
33 0.00801547
34 0.00688799
35 0.00963401
36 0.0088451
37 0.00795726
38 0.00905517
39 0.00697656
40 0.00697318
41 0.00745405
42 0.00745971
43 0.0088251
44 0.00855949
45 0.00745817


13 0.00898845
14 0.00862941
15 0.00869956
16 0.00893385
17 0.00958513
18 0.00795178
19 0.00950979
20 0.00848565
21 0.00843932
22 0.00802075
23 0.00797509
24 0.00817005
25 0.010106
26 0.00811484
27 0.00807561
28 0.00883026
29 0.00821802
30 0.00817908
