5 0.741382
6 0.271739
7 0.00853275
8 0.00798405
9 0.00796323
10 0.012526
11 0.0116938
12 0.246384
13 0.215462
14 0.160282
15 0.17572
16 0.154038
17 0.111307
18 0.0675872
19 0.0310558
20 0.222334
21 0.195168
22 0.26191
23 0.390929
24 0.517523
25 0.618622
26 0.707935
27 0.697275
28 0.70467
29 0.64608
30 0.669101
31 0.615383
32 0.567297
33 0.459731
34 0.450431
35 0.406637
36 0.343707
37 0.292544
38 0.241886
39 0.19111
40 0.0749939
41 0.0134478
42 0.0135444
43 0.0135761
44 0.0133723
45 0.0115765
46 0.0115388
47 0.00969364
48 0.00963009
49 0.00774866
50 0.00592326
51 0.00592478
52 0.00585825
53 0.00581854
54 0.00592487
