11 0.0127468
12 0.0134043
13 0.0152984
14 0.0111556
15 0.0112101
16 0.0122496
17 0.0111738
18 0.0126274
19 0.0123103
20 0.0125638
21 0.0126711
22 0.0107886
23 0.0127371
24 0.00973645
25 0.0123096
26 0.0140247
27 0.0113107
28 0.0123536
29 0.0104515
30 0.0119488
31 0.0124483
32 0.0132533
33 0.012562
34 0.0109092
35 0.013277
36 0.0125692
37 0.0148638
38 0.0111701
39 0.0125583
40 0.0131441
41 0.0118579
42 0.00981464
43 0.0106766
44 0.0125947
45 0.0152452
46 0.0112186
47 0.0111356
48 0.00997222
49 0.0115171
50 0.00974555
51 0.00773868
52 0.0076185
53 0.00766777
54 0.00766777
55 0.0076625


13 0.0171217
14 0.016152
15 0.013052
16 0.0127158
17 0.0125183
18 0.0130119
19 0.0174888
20 0.0146486
21 0.0165294
22 0.0134108
23 0.0161793
24 0.0146956
25 0.0128462
26 0.0175888
27 0.0153315
28 0.0148626
29 0.0167884
30 0.0123722


21 0.0153198
22 0.0139832
23 0.0139134
24 0.0147037
25 0.0132659
26 0.0124103
27 0.0118887
28 0.0154037
29 0.0131041
30 0.0111998
31 0.013392
32 0.011563
33 0.0132641
34 0.01111
35 0.013881
36 0.0126425
37 0.0126146
38 0.0147858
39 0.0125528
40 0.013604
41 0.0108632
42 0.0125511
43 0.0112174
44 0.0107326
45 0.0132643
46 0.0118797
47 0.00995206
48 0.0126129
49 0.012502
50 0.0077265
51 0.00771141
52 0.00769868
53 0.0077525
54 0.00763141
55 0.00763505

31 0.0168449
32 0.0128575
33 0.0123894
34 0.0134501
35 0.0119965
36 0.0107424
37 0.0112536
38 0.0126218
39 0.0102192
40 0.0125909
41 0.0111645
42 0.0115549
43 0.0112373
44 0.0126
45 0.0116189

13 0.0128799
14 0.0147147
15 0.0146916
16 0.0191689
17 0.0184061
18 0.0192939
19 0.0182273
20 0.0167917
21 0.0140378
22 0.0178577
23 0.0132356
24 0.0178955
25 0.0179256
26 0.0132386
27 0.0169264
28 0.0155575
29 0.0154097
30 0.0147356
