5 0.746036
6 0.202581
7 0.0113013
8 0.0090757
9 0.00914558
10 0.0137096
11 0.0128636
12 0.0168357
13 0.0166048
14 0.0162325
15 0.0163259
16 0.0161454
17 0.0164533
18 0.0163833
19 0.0162572
20 0.0161194
21 0.0149075
22 0.0151523
23 0.0153681
24 0.0148956
25 0.0152357
26 0.0152301
27 0.015167
28 0.0150982
29 0.0152757
30 0.0137422
31 0.0121653
32 0.0122267
33 0.0121732
34 0.0122026
35 0.0124457
36 0.0122238
37 0.0122521
38 0.0120986
39 0.0122058
40 0.0108222
41 0.0106797
42 0.0107968
43 0.0108366
44 0.0106005
45 0.00963528
46 0.00954071
47 0.0105154
48 0.0104275
49 0.00900906
50 0.00683121
51 0.00696479
52 0.00685498
53 0.00675606
54 0.00675774
