5 0.729785
6 0.197762
7 0.018282
8 0.0157304
9 0.0158534
10 0.0182806
11 0.0169606
12 0.21079
13 0.103318
14 0.0296622
15 0.0238476
16 0.0237172
17 0.0230329
18 0.0236326
19 0.0236125
20 0.0223327
21 0.0218015
22 0.021833
23 0.0223568
24 0.0219228
25 0.0219425
26 0.022188
27 0.0219945
28 0.0224623
29 0.0220515
30 0.0166053
31 0.01638
32 0.0167574
33 0.0162766
34 0.0162657
35 0.0162488
36 0.0165941
37 0.0161647
38 0.0163024
39 0.0163374
40 0.0130315
41 0.0130966
42 0.0132132
43 0.0132426
44 0.0130934
45 0.0131025
46 0.0135396
47 0.0111243
48 0.0109916
49 0.0119625
50 0.00867082
51 0.00879397
52 0.0087645
53 0.00868871
54 0.00874555
