11 0.0210821
12 0.0126604
13 0.019921
14 0.0271399
15 0.0328322
16 0.0284642
17 0.0322353
18 0.0322452
19 0.0262076
20 0.0193408
21 0.0284195
22 0.0393044
23 0.0253609
24 0.0314611
25 0.0336457
26 0.0334277
27 0.02882
28 0.0266683
29 0.0258945
30 0.0274637
31 0.0155383
32 0.0165149
33 0.0137903
34 0.0115876
35 0.0145195
36 0.0106695
37 0.0157524
38 0.010651
39 0.0126893
40 0.0152664
41 0.0115076
42 0.0144951
43 0.0146891
44 0.0135651
45 0.012613
46 0.0135629
47 0.0128212
48 0.0126508
49 0.0136074
50 0.0167556
51 0.00865783
52 0.00884672
53 0.00873339
54 0.00864006
55 0.00878894


13 0
14 0.00213922
15 0.0259277
16 0.0166355
17 0.0134695
18 0.0145261
19 0.014446
20 0.0154893
21 0.00964774
22 0.0125907
23 0.01561
24 0.0156528
25 0.0155048
26 0.0156794
27 0.014772
28 0.0205488
29 0.0116882
30 0.0136457


21 0.0109612
22 0.00871117
23 0.0086645
24 0.00882006
25 0.00871561
26 0.0086445
27 0.00872672
28 0.00862228
29 0.0087836
30 0.00878672
31 0.00868672
32 0.00865561
33 0.00877561
34 0.00871339
35 0.00864672
36 0.00880672
37 0.00873117
38 0.00875339
39 0.00864228
40 0.00864672
41 0.00875117
42 0.00873117
43 0.00858894
44 0.00876672
45 0.0087245
46 0.00865117
47 0.00867339
48 0.00883561
49 0.00876894
50 0.008737
51 0.00869783
52 0.00872894
53 0.00876894
54 0.00874006
55 0.00869339


31 0.0221066
32 0.0165337
33 0.0161249
34 0.0135732
35 0.0134057
36 0.0176737
37 0.0148488
38 0.0145233
39 0.0155428
40 0.0135329
41 0.0128378
42 0.0129567
43 0.013101
44 0.0131917
45 0.0127834


13 0.0121004
14 0.0110352
15 0.0159778
16 0.0157011
17 0.0173957
18 0.0135317
19 0.0164524
20 0.0213508
21 0.02348
22 0.0174667
23 0.0164888
24 0.0164213
25 0.0186285
26 0.0205087
27 0.0216032
28 0.0168469
29 0.0243477
30 0.0183833
