11 0.00989004
12 0.0121275
13 0.00554713
14 0.0048057
15 0.0151062
16 0.013119
17 0.015361
18 0.0158209
19 0.0165068
20 0.0175394
21 0.00277663
22 0
23 0
24 0
25 0
26 0
27 0
28 0
29 0
30 0
31 0
32 0
33 0
34 0
35 0
36 0
37 0
38 0
39 0
40 0.00689112
41 0.0152205
42 0.0129617
43 0.0148356
44 0.0142377
45 0.0160215
46 0.0123289
47 0.00955324
48 0.00982619
49 0.011131
50 0.00774578
51 0.00495874
52 0.00544285
53 0.00608903
54 0.00542109
55 0.00580466



13 0.0126901
14 0.0129795
15 0.0122435
16 0.0120775
17 0.0146832
18 0.012368
19 0.0119617
20 0.0120219
21 0.00572944
22 0.0118129
23 0.00454302
24 0.00139686
25 0
26 0.00119606
27 0.00811813
28 0.00688205
29 0.00147705
30 0.011514


21 0.00840364
22 0.013334
23 0.0112521
24 0.00485313
25 0.0096921
26 0.0117399
27 0.0106805
28 0.0091436
29 0.0109975
30 0.00389252
31 0.00537535
32 0.011476
33 0.0127082
34 0.00811937
35 0.00767101
36 0.0129249
37 0.0106259
38 0.00878643
39 0.00912386
40 0.0074367
41 0.0130112
42 0.0115889
43 0.0112612
44 0.012689
45 0.0122845
46 0.0108811
47 0.0112054
48 0.00826726
49 0.00880933
50 0.00836868
51 0.00609352
52 0.00563003
53 0.00496803
54 0.00563885
55 0.00535627


31 0
32 0
33 0
34 0
35 0
36 0
37 0.00483702
38 0.00834839
39 0.0114099
40 0.0081194
41 0.0126322
42 0.0109621
43 0.0117355
44 0.0135629
45 0.0114244


13 0.0025025
14 0.0110484
15 0.0112047
16 0.014559
17 0.0149509
18 0.0157346
19 0.0127334
20 0.0155818
21 0.00463453
22 0.0123786
23 0.00691072
24 0.00626619
25 0.00686971
26 0.00694486
27 0.00952791
28 0.012046
29 0.00427755
30 0.0115311
