
1 0
2 0
3 0
4 0
5 0
6 0
7 0
8 0
9 0
10 2
11 28
12 30
13 28
14 30
15 28
16 30
17 30
18 28
19 30
20 28
21 30
22 30
23 28
24 30
25 28
26 30
27 28
28 30
29 30
30 28
31 30
32 28
33 30
34 30
35 28
36 30
37 28
38 30
39 28
40 30
41 30
42 28
43 30
44 28
45 30
46 30
47 28
48 30
49 28
50 30
51 28
52 30
53 30
54 28



1 0
2 0
3 0
4 0
5 0
6 0
7 0
8 0
9 0
10 0
11 0
12 2
13 58
14 58
15 58
16 60
17 56
18 60
19 58
20 58
21 30
22 28
23 30
24 30
25 28
26 30
27 28
28 30
29 28
30 30
31 0
32 0
33 0
34 0
35 0
36 0
37 0
38 0
39 0
40 0
41 0
42 0
43 0
44 0
45 0
46 0
47 0
48 0
49 0
50 0
51 0
52 0
53 0
54 0

 
1 0
2 0
3 0
4 0
5 0
6 0
7 0
8 0
9 0
10 0
11 0
12 0
13 0
14 0
15 0
16 0
17 0
18 0
19 0
20 2
21 28
22 30
23 28
24 30
25 28
26 30
27 30
28 28
29 30
30 28
31 30
32 30
33 28
34 30
35 28
36 30
37 28
38 30
39 30
40 28
41 30
42 28
43 30
44 30
45 28
46 30
47 28
48 30
49 28
50 30
51 30
52 28
53 30
54 28


1 0
2 0
3 0
4 0
5 0
6 0
7 0
8 0
9 0
10 0
11 0
12 0
13 0
14 0
15 0
16 0
17 0
18 0
19 0
20 0
21 0
22 0
23 0
24 0
25 0
26 0
27 0
28 0
29 0
30 2
31 28
32 30
33 28
34 30
35 28
36 30
37 30
38 28
39 30
40 28
41 30
42 30
43 28
44 30
45 28
46 0
47 0
48 0
49 0
50 0
51 0
52 0
53 0
54 0
"plot node 8"
1 0
2 0
3 0
4 0
5 0
6 0
7 0
8 0
9 0
10 0
11 0
12 2
13 28
14 30
15 28
16 30
17 28
18 30
19 30
20 28
21 30
22 28
23 30
24 30
25 28
26 30
27 28
28 30
29 28
30 30
31 0
32 0
33 0
34 0
35 0
36 0
37 0
38 0
39 0
40 0
41 0
42 0
43 0
44 0
45 0
46 0
47 0
48 0
49 0
50 0
51 0
52 0
53 0
54 0


