5 0.745654
6 0.200656
7 0.013408
8 0.0119348
9 0.0122908
10 0.314972
11 0.14423
12 0.227902
13 0.114535
14 0.027303
15 0.0171713
16 0.0173469
17 0.0174612
18 0.0176586
19 0.0172284
20 0.0174156
21 0.0168469
22 0.0166516
23 0.0167847
24 0.0167858
25 0.0168335
26 0.0168119
27 0.0167884
28 0.0168003
29 0.016726
30 0.234567
31 0.154725
32 0.0829467
33 0.0147826
34 0.0150622
35 0.0147991
36 0.0148812
37 0.0149591
38 0.0148841
39 0.014918
40 0.0127143
41 0.012886
42 0.0127886
43 0.0129787
44 0.0129471
45 0.0129876
46 0.0129874
47 0.011131
48 0.011039
49 0.0118459
50 0.0089405
51 0.00891524
52 0.00889606
53 0.00889606
54 0.00885629
