1 0
2 0
3 0
4 0
5 0
6 0
7 0
8 0
9 0
10 4.8
11 67.2
12 72
13 67.2
14 72
15 67.2
16 72
17 72
18 67.2
19 72
20 67.2
21 72
22 72
23 67.2
24 72
25 67.2
26 72
27 67.2
28 72
29 72
30 67.2
31 72
32 67.2
33 72
34 72
35 67.2
36 72
37 67.2
38 72
39 67.2
40 72
41 72
42 67.2
43 72
44 67.2
45 72
46 72
47 67.2
48 72
49 67.2
50 72
51 67.2
52 72
53 72
54 67.2
1 0
2 0
3 0
4 0
5 0
6 0
7 0
8 0
9 0
10 0
11 0
12 4.8
13 67.2
14 72
15 67.2
16 72
17 67.2
18 72
19 72
20 67.2
21 72
22 67.2
23 72
24 72
25 67.2
26 72
27 67.2
28 72
29 67.2
30 72
31 0
32 0
33 0
34 0
35 0
36 0
37 0
38 0
39 0
40 0
41 0
42 0
43 0
44 0
45 0
46 0
47 0
48 0
49 0
50 0
51 0
52 0
53 0
54 0

1 0
2 0
3 0
4 0
5 0
6 0
7 0
8 0
9 0
10 0
11 0
12 0
13 0
14 0
15 0
16 0
17 0
18 0
19 0
20 4.8
21 67.2
22 72
23 67.2
24 72
25 67.2
26 72
27 72
28 67.2
29 72
30 67.2
31 72
32 72
33 67.2
34 72
35 67.2
36 72
37 67.2
38 72
39 72
40 67.2
41 72
42 67.2
43 72
44 72
45 67.2
46 72
47 67.2
48 72
49 67.2
50 72
51 72
52 67.2
53 72
54 67.2
1 0
2 0
3 0
4 0
5 0
6 0
7 0
8 0
9 0
10 0
11 0
12 0
13 0
14 0
15 0
16 0
17 0
18 0
19 0
20 0
21 0
22 0
23 0
24 0
25 0
26 0
27 0
28 0
29 0
30 4.8
31 67.2
32 72
33 67.2
34 72
35 67.2
36 72
37 72
38 67.2
39 72
40 67.2
41 72
42 72
43 67.2
44 72
45 67.2
46 0
47 0
48 0
49 0
50 0
51 0
52 0
53 0
54 0

1 0
2 0
3 0
4 0
5 0
6 0
7 0
8 0
9 0
10 0
11 0
12 4.8
13 67.2
14 72
15 67.2
16 72
17 67.2
18 72
19 72
20 67.2
21 72
22 67.2
23 72
24 72
25 67.2
26 72
27 67.2
28 72
29 67.2
30 72
31 0
32 0
33 0
34 0
35 0
36 0
37 0
38 0
39 0
40 0
41 0
42 0
43 0
44 0
45 0
46 0
47 0
48 0
49 0
50 0
51 0
52 0
53 0
54 0
