11 0.0123605
12 0.0145749
13 0.0137723
14 0.0140192
15 0.0144193
16 0.0153075
17 0.00896849
18 0.0125502
19 0.0114098
20 0.00972181
21 0.0124379
22 0.0122324
23 0.0161258
24 0.0160524
25 0.0134287
26 0.018243
27 0.00716551
28 0.0115027
29 0.0130045
30 0.015638
31 0.0157392
32 0.0107882
33 0.0120036
34 0.0119204
35 0.0144444
36 0.0101875
37 0.0127712
38 0.00905435
39 0.0138598
40 0.0114931
41 0.00901377
42 0.0134931
43 0.011077
44 0.0089783
45 0.009429
46 0.0092428
47 0.0105486
48 0.0112153
49 0.0103598
50 0.0111424
51 0.00688665
52 0.00681193
53 0.00679193
54 0.00672204
55 0.00677193

13 0.021644
14 0.0195098
15 0.0150098
16 0.0182356
17 0.0216439
18 0.0173098
19 0.0156055
20 0.0169787
21 0.0201541
22 0.0168635
23 0.0167178
24 0.0157636
25 0.0140092
26 0.0198459
27 0.0196522
28 0.0183279
29 0.0175592
30 0.0200182

21 0.0107964
22 0.00687479
23 0.00677742
24 0.00691621
25 0.0066805
26 0.00672907
27 0.00699336
28 0.00682819
29 0.00680907
30 0.00687435
31 0.00895854
32 0.00925396
33 0.00915451
34 0.00908736
35 0.00907396
36 0.00941594
37 0.00924627
38 0.0091145
39 0.00909307
40 0.00921396
41 0.00937165
42 0.00933857
43 0.00934638
44 0.00923088
45 0.00909451
46 0.00681621
47 0.0068005
48 0.00686764
49 0.00687896
50 0.00672907
51 0.00677479
52 0.00710204
53 0.00695336
54 0.00676973
55 0.00671479


31 0.0126572
32 0.0101315
33 0.00867123
34 0.0106204
35 0.00938699
36 0.00970545
37 0.00958259
38 0.01022
39 0.0115611
40 0.0103877
41 0.00964116
42 0.0103831
43 0.0116901
44 0.010619
45 0.0102108

13 0.0197493
14 0.0185108
15 0.0207071
16 0.0157935
17 0.0175325
18 0.0191208
19 0.0204615
20 0.0216453
21 0.0201123
22 0.0184595
23 0.0177732
24 0.0209895
25 0.017786
26 0.0194406
27 0.0217031
28 0.0187797
29 0.0191497
30 0.0204429
