5 0.0175345
6 0.0122527
7 0.0123034
8 0.0120126
9 0.0118014
10 0.0154162
11 0.0146755
12 0.0174209
13 0.0169474
14 0.0171663
15 0.0170375
16 0.0167905
17 0.0173048
18 0.017171
19 0.0171044
20 0.0170809
21 0.0167282
22 0.0166185
23 0.0165231
24 0.0168495
25 0.016757
26 0.0166085
27 0.0166826
28 0.0167137
29 0.0164606
30 0.0149306
31 0.0148509
32 0.0149253
33 0.0149944
34 0.0148331
35 0.0149675
36 0.0148324
37 0.0149548
38 0.0150192
39 0.0149349
40 0.0128905
41 0.0128164
42 0.0129223
43 0.0132571
44 0.0131854
45 0.0129631
46 0.0128955
47 0.0109494
48 0.0110634
49 0.0121323
50 0.00910366
51 0.00906471
52 0.00920939
53 0.00906828
54 0.00902682
