11 0.0138482
12 0.0131828
13 0.0151284
14 0.0136506
15 0.0141256
16 0.0165097
17 0.0153262
18 0.0136881
19 0.0142967
20 0.0131406
21 0.0138089
22 0.0120956
23 0.016269
24 0.0109994
25 0.0103495
26 0.0121778
27 0.013265
28 0.0112968
29 0.0143056
30 0.01423
31 0.0121311
32 0.0112693
33 0.0129961
34 0.0132561
35 0.0120422
36 0.0149187
37 0.0143234
38 0.0142945
39 0.0134356
40 0.0119333
41 0.0121267
42 0.0120689
43 0.0112518
44 0.0132517
45 0.0130272
46 0.0115468
47 0.0119644
48 0.0120844
49 0.0141478
50 0.0124499
51 0.00951383
52 0.00924272
53 0.00921161
54 0.009058
55 0.00928272



13 0.0184303
14 0.025093
15 0.0215273
16 0.0197332
17 0.0186398
18 0.0209769
19 0.0206099
20 0.0209843
21 0.018725
22 0.0175605
23 0.0180412
24 0.0188556
25 0.0175028
26 0.0195884
27 0.021823
28 0.0205449
29 0.0207155
30 0.0240273



21 0.0183373
22 0.0144713
23 0.0142312
24 0.0145755
25 0.0145873
26 0.014418
27 0.0146224
28 0.0141055
29 0.0145779
30 0.0148913
31 0.0144155
32 0.0143092
33 0.0144913
34 0.0145246
35 0.014303
36 0.0146068
37 0.014249
38 0.0144929
39 0.0141624
40 0.0145602
41 0.0146091
42 0.014163
43 0.0147558
44 0.0148602
45 0.0143424
46 0.014518
47 0.014698
48 0.00929606
49 0.009433
50 0.00915606
51 0.0091005
52 0.00936494
53 0.009468
54 0.00925161
55 0.00929161



31 0.0212597
32 0.0168421
33 0.0167599
34 0.0208021
35 0.0178743
36 0.0145889
37 0.013699
38 0.0138299
39 0.0160596
40 0.0178054
41 0.0129837
42 0.0130712
43 0.0129401
44 0.0130335
45 0.0131537


13 0.0304996
14 0.0198512
15 0.0164912
16 0.0209572
17 0.0185601
18 0.0189576
19 0.0195755
20 0.018728
21 0.0258766
22 0.0247433
23 0.019378
24 0.0238549
25 0.0205084
26 0.0227
27 0.0195556
28 0.019526
29 0.0199814
30 0.0182441
