11 0.015904
12 0.0127739
13 0.0128006
14 0.0133456
15 0.0118356
16 0.0107616
17 0.0118244
18 0.0144687
19 0.0150936
20 0.0108305
21 0.0155944
22 0.0138167
23 0.0158379
24 0.011983
25 0.0109993
26 0.0138167
27 0.0128228
28 0.0146496
29 0.0118156
30 0.0108416
31 0.0139286
32 0.0145496
33 0.0127584
34 0.0138878
35 0.0129991
36 0.0124083
37 0.0138478
38 0.0138367
39 0.0123983
40 0.0139011
41 0.0148973
42 0.0117644
43 0.0158577
44 0.0143026
45 0.0150114
46 0.0121474
47 0.0118311
48 0.0128339
49 0.0127806
50 0.0100845
51 0.00888272
52 0.00894717
53 0.00900939
54 0.0090255
55 0.00887383


13 0.0291339
14 0.020848
15 0.0209696
16 0.0210138
17 0.0207272
18 0.0209784
19 0.0208014
20 0.0206986
21 0.0209604
22 0.0207117
23 0.0210713
24 0.0207095
25 0.0209377
26 0.0207095
27 0.0209379
28 0.0209199
29 0.0206872
30 0.0207086


21 0.0129133
22 0.0139624
23 0.0139423
24 0.0140838
25 0.0141647
26 0.014049
27 0.0140246
28 0.0142237
29 0.0143313
30 0.0141447
31 0.0142213
32 0.0136009
33 0.0140002
34 0.0141713
35 0.0143938
36 0.0141365
37 0.0139557
38 0.0138604
39 0.0140387
40 0.0139046
41 0.0140312
42 0.0136955
43 0.0141075
44 0.0144527
45 0.0144764
46 0.0139155
47 0.0138491
48 0.00926717
49 0.009268
50 0.00944494
51 0.00934494
52 0.00920717
53 0.0093805
54 0.00915161
55 0.0091205


31 0.0158723
32 0.0130656
33 0.0120468
34 0.0132633
35 0.0120268
36 0.0120801
37 0.0121209
38 0.0120087
39 0.0121646
40 0.0130701
41 0.0119487
42 0.0120201
43 0.0120557
44 0.0120801
45 0.0120362

13 0.0127039
14 0.0118384
15 0.0120066
16 0.0120536
17 0.0117509
18 0.0120177
19 0.0118362
20 0.011751
21 0.0119752
22 0.0117509
23 0.0120511
24 0.0117509
25 0.0119236
26 0.011751
27 0.0119452
28 0.0119258
29 0.0117509
30 0.0117509
