5 0.752744
6 0.210346
7 0.0143952
8 0.0102624
9 0.0105539
10 0.0111578
11 0.0108672
12 0.0243873
13 0.0133815
14 0.0133076
15 0.0133894
16 0.0134273
17 0.0131181
18 0.0133391
19 0.0133388
20 0.015368
21 0.0145587
22 0.0145896
23 0.0144576
24 0.0145207
25 0.014511
26 0.0145112
27 0.014487
28 0.0145049
29 0.0146045
30 0.0154462
31 0.0132687
32 0.0131215
33 0.0133498
34 0.0131841
35 0.0133407
36 0.0134031
37 0.0131449
38 0.0131846
39 0.0134684
40 0.0116953
41 0.0115007
42 0.0114725
43 0.0116016
44 0.0117303
45 0.010959
46 0.0106533
47 0.0117101
48 0.0116049
49 0.010198
50 0.00772137
51 0.0076705
52 0.00771959
53 0.00764746
54 0.00766232
